(1,'bulbasaur',7,7,69,45,49,49,65,65,45),
(2,'ivysaur',10,10,130,60,62,63,80,80,60),
(3,'venusaur',20,20,1000,80,82,83,100,100,80),
(4,'charmander',6,6,85,39,52,43,60,50,65),
(5,'charmeleon',11,11,190,58,64,58,80,65,80),
(6,'charizard',17,17,905,78,84,78,109,85,100),
(7,'squirtle',5,5,90,44,48,65,50,64,43),
(8,'wartortle',10,10,225,59,63,80,65,80,58),
(9,'blastoise',16,16,855,79,83,100,85,105,78),
(10,'caterpie',3,3,29,45,30,35,20,20,45),
(11,'metapod',7,7,99,50,20,55,25,25,30),
(12,'butterfree',11,11,320,60,45,50,90,80,70),
(13,'weedle',3,3,32,40,35,30,20,20,50),
(14,'kakuna',6,6,100,45,25,50,25,25,35),
(15,'beedrill',10,10,295,65,90,40,45,80,75),
(16,'pidgey',3,3,18,40,45,40,35,35,56),
(17,'pidgeotto',11,11,300,63,60,55,50,50,71),
(18,'pidgeot',15,15,395,83,80,75,70,70,101),
(19,'rattata',3,3,35,30,56,35,25,35,72),
(20,'raticate',7,7,185,55,81,60,50,70,97),
(21,'spearow',3,3,20,40,60,30,31,31,70),
(22,'fearow',12,12,380,65,90,65,61,61,100),
(23,'ekans',20,20,69,35,60,44,40,54,55),
(24,'arbok',35,35,650,60,95,69,65,79,80),
(25,'pikachu',4,4,60,35,55,40,50,50,90),
(26,'raichu',8,8,300,60,90,55,90,80,110),
(27,'sandshrew',6,6,120,50,75,85,20,30,40),
(28,'sandslash',10,10,295,75,100,110,45,55,65),
(29,'nidoran-f',4,4,70,55,47,52,40,40,41),
(30,'nidorina',8,8,200,70,62,67,55,55,56),
(31,'nidoqueen',13,13,600,90,92,87,75,85,76),
(32,'nidoran-m',5,5,90,46,57,40,40,40,50),
(33,'nidorino',9,9,195,61,72,57,55,55,65),
(34,'nidoking',14,14,620,81,102,77,85,75,85),
(35,'clefairy',6,6,75,70,45,48,60,65,35),
(36,'clefable',13,13,400,95,70,73,95,90,60),
(37,'vulpix',6,6,99,38,41,40,50,65,65),
(38,'ninetales',11,11,199,73,76,75,81,100,100),
(39,'jigglypuff',5,5,55,115,45,20,45,25,20),
(40,'wigglytuff',10,10,120,140,70,45,85,50,45),
(41,'zubat',8,8,75,40,45,35,30,40,55),
(42,'golbat',16,16,550,75,80,70,65,75,90),
(43,'oddish',5,5,54,45,50,55,75,65,30),
(44,'gloom',8,8,86,60,65,70,85,75,40),
(45,'vileplume',12,12,186,75,80,85,110,90,50),
(46,'paras',3,3,54,35,70,55,45,55,25),
(47,'parasect',10,10,295,60,95,80,60,80,30),
(48,'venonat',10,10,300,60,55,50,40,55,45),
(49,'venomoth',15,15,125,70,65,60,90,75,90),
(50,'diglett',2,2,8,10,55,25,35,45,95),
(51,'dugtrio',7,7,333,35,100,50,50,70,120),
(52,'meowth',4,4,42,40,45,35,40,40,90),
(53,'persian',10,10,320,65,70,60,65,65,115),
(54,'psyduck',8,8,196,50,52,48,65,50,55),
(55,'golduck',17,17,766,80,82,78,95,80,85),
(56,'mankey',5,5,280,40,80,35,35,45,70),
(57,'primeape',10,10,320,65,105,60,60,70,95),
(58,'growlithe',7,7,190,55,70,45,70,50,60),
(59,'arcanine',19,19,1550,90,110,80,100,80,95),
(60,'poliwag',6,6,124,40,50,40,40,40,90),
(61,'poliwhirl',10,10,200,65,65,65,50,50,90),
(62,'poliwrath',13,13,540,90,95,95,70,90,70),
(63,'abra',9,9,195,25,20,15,105,55,90),
(64,'kadabra',13,13,565,40,35,30,120,70,105),
(65,'alakazam',15,15,480,55,50,45,135,95,120),
(66,'machop',8,8,195,70,80,50,35,35,35),
(67,'machoke',15,15,705,80,100,70,50,60,45),
(68,'machamp',16,16,1300,90,130,80,65,85,55),
(69,'bellsprout',7,7,40,50,75,35,70,30,40),
(70,'weepinbell',10,10,64,65,90,50,85,45,55),
(71,'victreebel',17,17,155,80,105,65,100,70,70),
(72,'tentacool',9,9,455,40,40,35,50,100,70),
(73,'tentacruel',16,16,550,80,70,65,80,120,100),
(74,'geodude',4,4,200,40,80,100,30,30,20),
(75,'graveler',10,10,1050,55,95,115,45,45,35),
(76,'golem',14,14,3000,80,120,130,55,65,45),
(77,'ponyta',10,10,300,50,85,55,65,65,90),
(78,'rapidash',17,17,950,65,100,70,80,80,105),
(79,'slowpoke',12,12,360,90,65,65,40,40,15),
(80,'slowbro',16,16,785,95,75,110,100,80,30),
(81,'magnemite',3,3,60,25,35,70,95,55,45),
(82,'magneton',10,10,600,50,60,95,120,70,70),
(83,'farfetchd',8,8,150,52,90,55,58,62,60),
(84,'doduo',14,14,392,35,85,45,35,35,75),
(85,'dodrio',18,18,852,60,110,70,60,60,110),
(86,'seel',11,11,900,65,45,55,45,70,45),
(87,'dewgong',17,17,1200,90,70,80,70,95,70),
(88,'grimer',9,9,300,80,80,50,40,50,25),
(89,'muk',12,12,300,105,105,75,65,100,50),
(90,'shellder',3,3,40,30,65,100,45,25,40),
(91,'cloyster',15,15,1325,50,95,180,85,45,70),
(92,'gastly',13,13,1,30,35,30,100,35,80),
(93,'haunter',16,16,1,45,50,45,115,55,95),
(94,'gengar',15,15,405,60,65,60,130,75,110),
(95,'onix',88,88,2100,35,45,160,30,45,70),
(96,'drowzee',10,10,324,60,48,45,43,90,42),
(97,'hypno',16,16,756,85,73,70,73,115,67),
(98,'krabby',4,4,65,30,105,90,25,25,50),
(99,'kingler',13,13,600,55,130,115,50,50,75),
(100,'voltorb',5,5,104,40,30,50,55,55,100),
(101,'electrode',12,12,666,60,50,70,80,80,150),
(102,'exeggcute',4,4,25,60,40,80,60,45,40),
(103,'exeggutor',20,20,1200,95,95,85,125,75,55),
(104,'cubone',4,4,65,50,50,95,40,50,35),
(105,'marowak',10,10,450,60,80,110,50,80,45),
(106,'hitmonlee',15,15,498,50,120,53,35,110,87),
(107,'hitmonchan',14,14,502,50,105,79,35,110,76),
(108,'lickitung',12,12,655,90,55,75,60,75,30),
(109,'koffing',6,6,10,40,65,95,60,45,35),
(110,'weezing',12,12,95,65,90,120,85,70,60),
(111,'rhyhorn',10,10,1150,80,85,95,30,30,25),
(112,'rhydon',19,19,1200,105,130,120,45,45,40),
(113,'chansey',11,11,346,250,5,5,35,105,50),
(114,'tangela',10,10,350,65,55,115,100,40,60),
(115,'kangaskhan',22,22,800,105,95,80,40,80,90),
(116,'horsea',4,4,80,30,40,70,70,25,60),
(117,'seadra',12,12,250,55,65,95,95,45,85),
(118,'goldeen',6,6,150,45,67,60,35,50,63),
(119,'seaking',13,13,390,80,92,65,65,80,68),
(120,'staryu',8,8,345,30,45,55,70,55,85),
(121,'starmie',11,11,800,60,75,85,100,85,115),
(122,'mr-mime',13,13,545,40,45,65,100,120,90),
(123,'scyther',15,15,560,70,110,80,55,80,105),
(124,'jynx',14,14,406,65,50,35,115,95,95),
(125,'electabuzz',11,11,300,65,83,57,95,85,105),
(126,'magmar',13,13,445,65,95,57,100,85,93),
(127,'pinsir',15,15,550,65,125,100,55,70,85),
(128,'tauros',14,14,884,75,100,95,40,70,110),
(129,'magikarp',9,9,100,20,10,55,15,20,80),
(130,'gyarados',65,65,2350,95,125,79,60,100,81),
(131,'lapras',25,25,2200,130,85,80,85,95,60),
(132,'ditto',3,3,40,48,48,48,48,48,48),
(133,'eevee',3,3,65,55,55,50,45,65,55),
(134,'vaporeon',10,10,290,130,65,60,110,95,65),
(135,'jolteon',8,8,245,65,65,60,110,95,130),
(136,'flareon',9,9,250,65,130,60,95,110,65),
(137,'porygon',8,8,365,65,60,70,85,75,40),
(138,'omanyte',4,4,75,35,40,100,90,55,35),
(139,'omastar',10,10,350,70,60,125,115,70,55),
(140,'kabuto',5,5,115,30,80,90,55,45,55),
(141,'kabutops',13,13,405,60,115,105,65,70,80),
(142,'aerodactyl',18,18,590,80,105,65,60,75,130),
(143,'snorlax',21,21,4600,160,110,65,65,110,30),
(144,'articuno',17,17,554,90,85,100,95,125,85),
(145,'zapdos',16,16,526,90,90,85,125,90,100),
(146,'moltres',20,20,600,90,100,90,125,85,90),
(147,'dratini',18,18,33,41,64,45,50,50,50),
(148,'dragonair',40,40,165,61,84,65,70,70,70),
(149,'dragonite',22,22,2100,91,134,95,100,100,80),
(150,'mewtwo',20,20,1220,106,110,90,154,90,130),
(151,'mew',4,4,40,100,100,100,100,100,100),
(152,'chikorita',9,9,64,45,49,65,49,65,45),
(153,'bayleef',12,12,158,60,62,80,63,80,60),
(154,'meganium',18,18,1005,80,82,100,83,100,80),
(155,'cyndaquil',5,5,79,39,52,43,60,50,65),
(156,'quilava',9,9,190,58,64,58,80,65,80),
(157,'typhlosion',17,17,795,78,84,78,109,85,100),
(158,'totodile',6,6,95,50,65,64,44,48,43),
(159,'croconaw',11,11,250,65,80,80,59,63,58),
(160,'feraligatr',23,23,888,85,105,100,79,83,78),
(161,'sentret',8,8,60,35,46,34,35,45,20),
(162,'furret',18,18,325,85,76,64,45,55,90),
(163,'hoothoot',7,7,212,60,30,30,36,56,50),
(164,'noctowl',16,16,408,100,50,50,86,96,70),
(165,'ledyba',10,10,108,40,20,30,40,80,55),
(166,'ledian',14,14,356,55,35,50,55,110,85),
(167,'spinarak',5,5,85,40,60,40,40,40,30),
(168,'ariados',11,11,335,70,90,70,60,70,40),
(169,'crobat',18,18,750,85,90,80,70,80,130),
(170,'chinchou',5,5,120,75,38,38,56,56,67),
(171,'lanturn',12,12,225,125,58,58,76,76,67),
(172,'pichu',3,3,20,20,40,15,35,35,60),
(173,'cleffa',3,3,30,50,25,28,45,55,15),
(174,'igglybuff',3,3,10,90,30,15,40,20,15),
(175,'togepi',3,3,15,35,20,65,40,65,20),
(176,'togetic',6,6,32,55,40,85,80,105,40),
(177,'natu',2,2,20,40,50,45,70,45,70),
(178,'xatu',15,15,150,65,75,70,95,70,95),
(179,'mareep',6,6,78,55,40,40,65,45,35),
(180,'flaaffy',8,8,133,70,55,55,80,60,45),
(181,'ampharos',14,14,615,90,75,85,115,90,55),
(182,'bellossom',4,4,58,75,80,95,90,100,50),
(183,'marill',4,4,85,70,20,50,20,50,40),
(184,'azumarill',8,8,285,100,50,80,60,80,50),
(185,'sudowoodo',12,12,380,70,100,115,30,65,30),
(186,'politoed',11,11,339,90,75,75,90,100,70),
(187,'hoppip',4,4,5,35,35,40,35,55,50),
(188,'skiploom',6,6,10,55,45,50,45,65,80),
(189,'jumpluff',8,8,30,75,55,70,55,95,110),
(190,'aipom',8,8,115,55,70,55,40,55,85),
(191,'sunkern',3,3,18,30,30,30,30,30,30),
(192,'sunflora',8,8,85,75,75,55,105,85,30),
(193,'yanma',12,12,380,65,65,45,75,45,95),
(194,'wooper',4,4,85,55,45,45,25,25,15),
(195,'quagsire',14,14,750,95,85,85,65,65,35),
(196,'espeon',9,9,265,65,65,60,130,95,110),
(197,'umbreon',10,10,270,95,65,110,60,130,65),
(198,'murkrow',5,5,21,60,85,42,85,42,91),
(199,'slowking',20,20,795,95,75,80,100,110,30),
(200,'misdreavus',7,7,10,60,60,60,85,85,85),
(201,'unown',5,5,50,48,72,48,72,48,48),
(202,'wobbuffet',13,13,285,190,33,58,33,58,33),
(203,'girafarig',15,15,415,70,80,65,90,65,85),
(204,'pineco',6,6,72,50,65,90,35,35,15),
(205,'forretress',12,12,1258,75,90,140,60,60,40),
(206,'dunsparce',15,15,140,100,70,70,65,65,45),
(207,'gligar',11,11,648,65,75,105,35,65,85),
(208,'steelix',92,92,4000,75,85,200,55,65,30),
(209,'snubbull',6,6,78,60,80,50,40,40,30),
(210,'granbull',14,14,487,90,120,75,60,60,45),
(211,'qwilfish',5,5,39,65,95,85,55,55,85),
(212,'scizor',18,18,1180,70,130,100,55,80,65),
(213,'shuckle',6,6,205,20,10,230,10,230,5),
(214,'heracross',15,15,540,80,125,75,40,95,85),
(215,'sneasel',9,9,280,55,95,55,35,75,115),
(216,'teddiursa',6,6,88,60,80,50,50,50,40),
(217,'ursaring',18,18,1258,90,130,75,75,75,55),
(218,'slugma',7,7,350,40,40,40,70,40,20),
(219,'magcargo',8,8,550,60,50,120,90,80,30),
(220,'swinub',4,4,65,50,50,40,30,30,50),
(221,'piloswine',11,11,558,100,100,80,60,60,50),
(222,'corsola',6,6,50,65,55,95,65,95,35),
(223,'remoraid',6,6,120,35,65,35,65,35,65),
(224,'octillery',9,9,285,75,105,75,105,75,45),
(225,'delibird',9,9,160,45,55,45,65,45,75),
(226,'mantine',21,21,2200,85,40,70,80,140,70),
(227,'skarmory',17,17,505,65,80,140,40,70,70),
(228,'houndour',6,6,108,45,60,30,80,50,65),
(229,'houndoom',14,14,350,75,90,50,110,80,95),
(230,'kingdra',18,18,1520,75,95,95,95,95,85),
(231,'phanpy',5,5,335,90,60,60,40,40,40),
(232,'donphan',11,11,1200,90,120,120,60,60,50),
(233,'porygon2',6,6,325,85,80,90,105,95,60),
(234,'stantler',14,14,712,73,95,62,85,65,85),
(235,'smeargle',12,12,580,55,20,35,20,45,75),
(236,'tyrogue',7,7,210,35,35,35,35,35,35),
(237,'hitmontop',14,14,480,50,95,95,35,110,70),
(238,'smoochum',4,4,60,45,30,15,85,65,65),
(239,'elekid',6,6,235,45,63,37,65,55,95),
(240,'magby',7,7,214,45,75,37,70,55,83),
(241,'miltank',12,12,755,95,80,105,40,70,100),
(242,'blissey',15,15,468,255,10,10,75,135,55),
(243,'raikou',19,19,1780,90,85,75,115,100,115),
(244,'entei',21,21,1980,115,115,85,90,75,100),
(245,'suicune',20,20,1870,100,75,115,90,115,85),
(246,'larvitar',6,6,720,50,64,50,45,50,41),
(247,'pupitar',12,12,1520,70,84,70,65,70,51),
(248,'tyranitar',20,20,2020,100,134,110,95,100,61),
(249,'lugia',52,52,2160,106,90,130,90,154,110),
(250,'ho-oh',38,38,1990,106,130,90,110,154,90),
(251,'celebi',6,6,50,100,100,100,100,100,100),
(252,'treecko',5,5,50,40,45,35,65,55,70),
(253,'grovyle',9,9,216,50,65,45,85,65,95),
(254,'sceptile',17,17,522,70,85,65,105,85,120),
(255,'torchic',4,4,25,45,60,40,70,50,45),
(256,'combusken',9,9,195,60,85,60,85,60,55),
(257,'blaziken',19,19,520,80,120,70,110,70,80),
(258,'mudkip',4,4,76,50,70,50,50,50,40),
(259,'marshtomp',7,7,280,70,85,70,60,70,50),
(260,'swampert',15,15,819,100,110,90,85,90,60),
(261,'poochyena',5,5,136,35,55,35,30,30,35),
(262,'mightyena',10,10,370,70,90,70,60,60,70),
(263,'zigzagoon',4,4,175,38,30,41,30,41,60),
(264,'linoone',5,5,325,78,70,61,50,61,100),
(265,'wurmple',3,3,36,45,45,35,20,30,20),
(266,'silcoon',6,6,100,50,35,55,25,25,15),
(267,'beautifly',10,10,284,60,70,50,100,50,65),
(268,'cascoon',7,7,115,50,35,55,25,25,15),
(269,'dustox',12,12,316,60,50,70,50,90,65),
(270,'lotad',5,5,26,40,30,30,40,50,30),
(271,'lombre',12,12,325,60,50,50,60,70,50),
(272,'ludicolo',15,15,550,80,70,70,90,100,70),
(273,'seedot',5,5,40,40,40,50,30,30,30),
(274,'nuzleaf',10,10,280,70,70,40,60,40,60),
(275,'shiftry',13,13,596,90,100,60,90,60,80),
(276,'taillow',3,3,23,40,55,30,30,30,85),
(277,'swellow',7,7,198,60,85,60,75,50,125),
(278,'wingull',6,6,95,40,30,30,55,30,85),
(279,'pelipper',12,12,280,60,50,100,95,70,65),
(280,'ralts',4,4,66,28,25,25,45,35,40),
(281,'kirlia',8,8,202,38,35,35,65,55,50),
(282,'gardevoir',16,16,484,68,65,65,125,115,80),
(283,'surskit',5,5,17,40,30,32,50,52,65),
(284,'masquerain',8,8,36,70,60,62,100,82,80),
(285,'shroomish',4,4,45,60,40,60,40,60,35),
(286,'breloom',12,12,392,60,130,80,60,60,70),
(287,'slakoth',8,8,240,60,60,60,35,35,30),
(288,'vigoroth',14,14,465,80,80,80,55,55,90),
(289,'slaking',20,20,1305,150,160,100,95,65,100),
(290,'nincada',5,5,55,31,45,90,30,30,40),
(291,'ninjask',8,8,120,61,90,45,50,50,160),
(292,'shedinja',8,8,12,1,90,45,30,30,40),
(293,'whismur',6,6,163,64,51,23,51,23,28),
(294,'loudred',10,10,405,84,71,43,71,43,48),
(295,'exploud',15,15,840,104,91,63,91,73,68),
(296,'makuhita',10,10,864,72,60,30,20,30,25),
(297,'hariyama',23,23,2538,144,120,60,40,60,50),
(298,'azurill',2,2,20,50,20,40,20,40,20),
(299,'nosepass',10,10,970,30,45,135,45,90,30),
(300,'skitty',6,6,110,50,45,45,35,35,50)